image_width: 1280
image_height: 720
camera_name: head_camera
camera_matrix:
  rows: 3
  cols: 3
  data: [763.0909510747966, 0.0, 634.4823746636587, 0.0, 767.8161476987466, 361.8669286899741, 0.0, 0.0, 1.0]
distortion_model: plumb_bob
distortion_coefficients:
  rows: 1
  cols: 5
  data: [0.01964478642059792, -0.03911207074279011, 0.00010937734194725718, -2.7819763174448177e-05, 0.0]
rectification_matrix:
  rows: 3
  cols: 3
  data: [1, 0, 0, 0, 1, 0, 0, 0, 1]
projection_matrix:
  rows: 3
  cols: 4
  data: [758.630615234375, 0.0, 634.1344543240411, 0.0, 0.0, 769.7152709960938, 361.9260404507804, 0.0, 0.0, 0.0, 1.0, 0.0]
